8



3 4

100
111
100
0 2

010
010
111
2 2

001
111
001
0 2

111
010
010
1 2



4 8

0000
0001
1111
0000
3 2

0110
0010
0010
0010
2 3

0000
1111
1000
0000
0 2

0100
0100
0100
0110
2 3

0000
1111
0001
0000
3 2

0110
0100
0100
0100
1 3

0000
1000
1111
0000
3 2

0010
0010
0010
0110
2 3




4 8

0000
0010
1111
0000
3 2

0010
0110
0010
0010
2 3

0000
1111
0100
0000
1 2

0100
0100
0110
0100
1 3

0000
1111
0010
0000
2 2

0100
0110
0100
0100
1 3

0000
0100
1111
0000
3 2

0010
0010
0110
0010
2 3




4 8

0100
0110
0110
0000
2 2

0000
0110
1110
0000
2 2

0000
0110
0110
0010
2 3

0000
0111
0110
0000
2 2

0000
0110
0110
0100
1 3

0000
0110
0111
0000
3 2

0010
0110
0110
0000
2 2

0000
1110
0110
0000
2 2




5 2

00000
00000
11111
00000
00000
4 2

00100
00100
00100
00100
00100
2 4




3 4

001
001
111
2 2

111
001
001
2 2

111
100
100
0 2

100
100
111
2 2




3 4

000
111
101
2 2

011
010
011
2 2

101
111
000
2 1

011
001
011
2 2




4 8

0000
0011
1110
0000
2 1

0100
0110
0010
0010
2 3

0000
0111
1100
0000
1 1

0100
0100
0110
0010
2 3

0000
1110
0011
0000
3 2

0010
0110
0100
0100
1 3

0000
1100
0111
0000
3 2

0010
0010
0110
0100
1 3